HELLOtensor([[256,   3,   4,  ..., 259, 259, 259],
        [256,   0,   0,  ..., 259, 259, 259],
        [256,   6,   6,  ..., 259, 259, 259],
        ...,
        [256,   0,   1,  ..., 259, 259, 259],
        [256,   4,   5,  ..., 259, 259, 259],
        [256,   4,  13,  ..., 259, 259, 259]])

WORLDtensor([[259, 259, 259,  ..., 259, 259, 259],
        [259, 259, 259,  ..., 259, 259, 259],
        [259, 259, 259,  ..., 259, 259, 259],
        ...,
        [259, 259, 259,  ..., 259, 259, 259],
        [259, 259, 259,  ..., 259, 259, 259],
        [259, 259, 259,  ..., 259, 259, 259]])